{"accessors":[{"bufferView":0,"byteOffset":0,"componentType":5126,"count":12473,"max":[88.34669695649944,159.36082407438172,13.023685073166764],"min":[-88.34668382134942,-0.32311564474442345,-12.468755150527247],"type":"VEC3"},{"bufferView":0,"byteOffset":149676,"componentType":5126,"count":12473,"max":[1.0,1.0,1.0],"min":[-1.0,-1.0,-1.0],"type":"VEC3"},{"bufferView":0,"byteOffset":299352,"componentType":5126,"count":12473,"max":[1.0,1.0],"min":[0.0,0.0],"type":"VEC2"},{"bufferView":0,"byteOffset":399136,"componentType":5123,"count":12473,"max":[50,1,44,48],"min":[0,0,0,0],"type":"VEC4"},{"bufferView":0,"byteOffset":498920,"componentType":5126,"count":12473,"max":[1.0,0.06934288144111633,0.28533273935317993,0.26525530219078064],"min":[0.44115912914276123,0,0,0],"type":"VEC4"},{"bufferView":3,"byteOffset":0,"componentType":5123,"count":62520,"max":[12472],"min":[0],"type":"SCALAR"},{"bufferView":1,"byteOffset":0,"componentType":5126,"count":52,"max":[1.0,0.0,0.0,0.0,0.0,1.0,0.0,0.0,0.0,0.0,1.0,0.0,87.51482387967188,0.2872597793310625,8.832752840463527,1.0],"min":[1.0,0.0,0.0,0.0,0.0,1.0,0.0,0.0,0.0,0.0,1.0,0.0,-87.51574421263885,-159.64606476963044,-8.489533267226026,1.0],"type":"MAT4"},{"bufferView":0,"byteOffset":698488,"componentType":5126,"count":15901,"max":[90.25660956454382,180.60491925701214,17.695815693735348],"min":[-90.25659834878981,-0.3201932443348016,-14.373942757499393],"type":"VEC3"},{"bufferView":0,"byteOffset":889300,"componentType":5126,"count":15901,"max":[1.0,0.9999805688858032,0.9999884963035583],"min":[-1.0,-0.9998055696487427,-0.9999910593032837],"type":"VEC3"},{"bufferView":0,"byteOffset":1080112,"componentType":5126,"count":15901,"max":[1.0,1.0],"min":[0.0,0.0],"type":"VEC2"},{"bufferView":0,"byteOffset":1207320,"componentType":5123,"count":15901,"max":[51,50,50,50],"min":[0,0,0,0],"type":"VEC4"},{"bufferView":0,"byteOffset":1334528,"componentType":5126,"count":15901,"max":[1.0,0.9988259077072144,0.9573211669921875,0.9015707969665527],"min":[0.0010370771633461118,0,0,0],"type":"VEC4"},{"bufferView":3,"byteOffset":125040,"componentType":5123,"count":84816,"max":[15900],"min":[0],"type":"SCALAR"},{"bufferView":1,"byteOffset":3328,"componentType":5126,"count":52,"max":[1.0,0.0,0.0,0.0,0.0,1.0,0.0,0.0,0.0,0.0,1.0,0.0,87.51482387967188,0.2872597793310625,8.832752840463527,1.0],"min":[1.0,0.0,0.0,0.0,0.0,1.0,0.0,0.0,0.0,0.0,1.0,0.0,-87.51574421263885,-159.64606476963044,-8.489533267226026,1.0],"type":"MAT4"},{"bufferView":2,"byteOffset":0,"componentType":5126,"count":132,"max":[6.550000000000001],"min":[0.0],"type":"SCALAR"},{"bufferView":2,"byteOffset":528,"componentType":5126,"count":132,"max":[-0.03690040856599808,102.83658599853516,1.8523869514465332],"min":[-0.23528411984443665,102.72441101074219,0.6388802528381348],"type":"VEC3"},{"bufferView":2,"byteOffset":2112,"componentType":5126,"count":132,"max":[0.040383374673472895,-0.029282846663634947,-0.002154685909900474,0.998941300702227],"min":[0.029556327904253304,-0.037092189469007865,-0.005334608525508888,0.9986199288668975],"type":"VEC4"},{"bufferView":2,"byteOffset":4224,"componentType":5126,"count":132,"max":[0.0014792373228957,0.0048437587156527915,0.004886977244484112,0.9999961282551979],"min":[-0.044486605153093495,0.002607921843527023,0.0008590435743809254,0.9989910450980058],"type":"VEC4"},{"bufferView":2,"byteOffset":6336,"componentType":5126,"count":132,"max":[0.024435011630301907,0.008432238711944042,-2.1331149548938225e-05,0.9999844066895115],"min":[0.0011301308933020168,0.004632380114532291,-0.0014454052245564657,0.9996665938506099],"type":"VEC4"},{"bufferView":2,"byteOffset":8448,"componentType":5126,"count":132,"max":[0.024405688700733983,0.008432181499050416,-7.817790756031818e-05,0.9999843308516005],"min":[0.0011019354875772048,0.004644361787379496,-0.0015127407433817624,0.9996672911858495],"type":"VEC4"},{"bufferView":2,"byteOffset":10560,"componentType":5126,"count":132,"max":[-0.09105344703974252,-0.004729072963739531,0.026524046546001035,0.9956408042316742],"min":[-0.11611886723231798,-0.010281438118182376,0.015442145031676647,0.9928454099948457],"type":"VEC4"},{"bufferView":2,"byteOffset":12672,"componentType":5126,"count":132,"max":[0.09690280165478055,0.04248647311599191,-0.005550648608429682,0.9989142351446256],"min":[0.02617087418754991,0.027505668675290283,-0.022852564020975144,0.9944542820550137],"type":"VEC4"},{"bufferView":2,"byteOffset":14784,"componentType":5126,"count":132,"max":[0.021380330793528895,-0.09323140558334556,-0.07463063604264228,0.99255472340764],"min":[0.019569984282373054,-0.12177791877453116,-0.13166178990151134,0.984638441016552],"type":"VEC4"},{"bufferView":2,"byteOffset":16896,"componentType":5126,"count":132,"max":[0.10787110422859413,-0.07283539197990695,-0.4747665449820841,0.8703776971767809],"min":[0.09756063227784803,-0.10699640616748753,-0.5065335834326031,0.850752273050353],"type":"VEC4"},{"bufferView":2,"byteOffset":19008,"componentType":5126,"count":131,"max":[6.550000000000001],"min":[0.0],"type":"SCALAR"},{"bufferView":2,"byteOffset":19532,"componentType":5126,"count":131,"max":[-0.00823052169236267,-0.10457574564550581,-1.3464616609623605e-06,0.9944828665854171],"min":[-0.009004106453475949,-0.11440556540334115,-2.270739134526424e-06,0.9933933222384654],"type":"VEC4"},{"bufferView":2,"byteOffset":21628,"componentType":5126,"count":132,"max":[0.020969697310350633,-0.017226691196429958,-0.06859766500192147,0.9973338044193191],"min":[0.006141875425410072,-0.02422475726695288,-0.07788635276731415,0.9966127499646039],"type":"VEC4"},{"bufferView":2,"byteOffset":23740,"componentType":5126,"count":131,"max":[6.550000000000001],"min":[0.0],"type":"SCALAR"},{"bufferView":2,"byteOffset":24264,"componentType":5126,"count":131,"max":[0.17293993947044267,0.2283122945716664,0.02816866495025369,0.9610754156434514],"min":[0.16766753416578797,0.2177800949293848,0.023834128612593444,0.95780854443707],"type":"VEC4"},{"bufferView":2,"byteOffset":26360,"componentType":5126,"count":132,"max":[0.027815651913438485,-0.01234150716855533,0.039573161077591866,0.9990881670785702],"min":[0.02355246045421933,-0.020884635422804845,0.029946804721404534,0.9987207209886735],"type":"VEC4"},{"bufferView":2,"byteOffset":28472,"componentType":5126,"count":132,"max":[-0.0012556675802427504,0.04268360290542865,-0.20401649655201137,0.9781936338857676],"min":[-0.004458487709819404,0.0385910164609356,-0.20690477016373374,0.9775139406436071],"type":"VEC4"},{"bufferView":2,"byteOffset":30584,"componentType":5126,"count":118,"max":[6.550000000000001],"min":[0.0],"type":"SCALAR"},{"bufferView":2,"byteOffset":31056,"componentType":5126,"count":118,"max":[1.4495419233808396e-07,0.028148718607146923,-0.2736721595315729,0.9614177048310651],"min":[-4.9581417705044334e-08,0.027920349831111354,-0.2759097591841268,0.9607712810173563],"type":"VEC4"},{"bufferView":2,"byteOffset":32944,"componentType":5126,"count":74,"max":[6.550000000000001],"min":[0.0],"type":"SCALAR"},{"bufferView":2,"byteOffset":33240,"componentType":5126,"count":74,"max":[7.242326534066599e-08,0.01779361355956396,-0.16971219888709882,0.9853415578228599],"min":[-6.482570531069232e-08,0.017314270880459233,-0.17441101586306984,0.9845121557716311],"type":"VEC4"},{"bufferView":2,"byteOffset":34424,"componentType":5126,"count":132,"max":[0.008399779913439511,0.0819471989714345,-0.21483042560459728,0.9733901566918198],"min":[0.006880766361136714,0.07711013700417711,-0.21884887259521055,0.972491106465746],"type":"VEC4"},{"bufferView":2,"byteOffset":36536,"componentType":5126,"count":129,"max":[6.550000000000001],"min":[0.0],"type":"SCALAR"},{"bufferView":2,"byteOffset":37052,"componentType":5126,"count":129,"max":[1.8062995766509885e-07,0.03643855605303855,-0.3563247698441249,0.9336547242534697],"min":[-9.150415489038305e-08,0.036352637795730856,-0.3571673292919821,0.9333293794364333],"type":"VEC4"},{"bufferView":2,"byteOffset":39116,"componentType":5126,"count":127,"max":[6.550000000000001],"min":[0.0],"type":"SCALAR"},{"bufferView":2,"byteOffset":39624,"componentType":5126,"count":127,"max":[7.859625668071533e-08,0.020550942843050975,-0.20066070419621548,0.9794468828059599],"min":[-2.7432703543697346e-08,0.02047157915664398,-0.2014370524922872,0.9792858482748952],"type":"VEC4"},{"bufferView":2,"byteOffset":41656,"componentType":5126,"count":132,"max":[0.006723293651945311,0.08045658712711669,-0.29427871946317974,0.9523438535450313],"min":[0.005437789959820052,0.07751230679405328,-0.2982026098994563,0.9513105038810532],"type":"VEC4"},{"bufferView":2,"byteOffset":43768,"componentType":5126,"count":109,"max":[6.550000000000001],"min":[0.0],"type":"SCALAR"},{"bufferView":2,"byteOffset":44204,"componentType":5126,"count":109,"max":[1.522801438010597e-07,0.03120890247293264,-0.3048964951282487,0.9518773833303176],"min":[-4.6736220854455245e-08,0.031105857370233417,-0.3059067589027156,0.9515498196437544],"type":"VEC4"},{"bufferView":2,"byteOffset":45948,"componentType":5126,"count":131,"max":[6.550000000000001],"min":[0.0],"type":"SCALAR"},{"bufferView":2,"byteOffset":46472,"componentType":5126,"count":131,"max":[7.413420296630985e-08,0.02175880493344982,-0.2120917539638485,0.9770101811218136],"min":[-3.7164545747827475e-08,0.021637788354159082,-0.21327717902603718,0.9767494045631989],"type":"VEC4"},{"bufferView":2,"byteOffset":48568,"componentType":5126,"count":132,"max":[-0.009683018597365044,0.11868870904852326,-0.37769027953073075,0.9186794832729007],"min":[-0.010014959313019317,0.113583781001375,-0.38447725535760297,0.9157351748158022],"type":"VEC4"},{"bufferView":2,"byteOffset":50680,"componentType":5126,"count":100,"max":[6.550000000000001],"min":[0.0],"type":"SCALAR"},{"bufferView":2,"byteOffset":51080,"componentType":5126,"count":100,"max":[1.2664828045031593e-07,0.025002028706578323,-0.23940242643091977,0.9706131786086359],"min":[-6.957785657645151e-08,0.024424080949508282,-0.2450683029894679,0.9691833807027528],"type":"VEC4"},{"bufferView":2,"byteOffset":52680,"componentType":5126,"count":125,"max":[6.550000000000001],"min":[0.0],"type":"SCALAR"},{"bufferView":2,"byteOffset":53180,"componentType":5126,"count":125,"max":[4.80605665152397e-08,0.008999463836726817,-0.0868254480744954,0.9961841580719587],"min":[-3.43279307606789e-08,0.008858034382747591,-0.08821220997432445,0.9960610501681596],"type":"VEC4"},{"bufferView":2,"byteOffset":55180,"componentType":5126,"count":132,"max":[0.029448329280911095,0.15195751492823634,0.1419912794046747,0.9876034439955186],"min":[0.026851976947148415,0.12382488996382708,0.08791869171855024,0.9793608943026411],"type":"VEC4"},{"bufferView":2,"byteOffset":57292,"componentType":5126,"count":132,"max":[-0.012330353518581184,0.051553017060153396,0.5198108431243553,0.8780882087657232],"min":[-0.025793916888245526,0.0251423430639512,0.4775113312548604,0.8529273910517742],"type":"VEC4"},{"bufferView":2,"byteOffset":59404,"componentType":5126,"count":132,"max":[-0.004768763796266417,0.06820538503169604,5.318331133447143e-07,0.9981513151486734],"min":[-0.005368004520895325,0.06059051872055278,-4.802863993635771e-07,0.9976568598371335],"type":"VEC4"},{"bufferView":2,"byteOffset":61516,"componentType":5126,"count":132,"max":[0.09640340562165384,0.0089030837317733,0.07328504498969232,0.9947748034570961],"min":[0.07850284726525006,0.0031203840561548346,0.06341257846100248,0.9927618112186315],"type":"VEC4"},{"bufferView":2,"byteOffset":63628,"componentType":5126,"count":132,"max":[-0.02512833518205836,-0.0010612961321791517,0.33829961616539295,0.9413431495053131],"min":[-0.026572443096088545,-0.005181385704692177,0.3364724293938533,0.9406665076576399],"type":"VEC4"},{"bufferView":2,"byteOffset":65740,"componentType":5126,"count":132,"max":[3.679994633253318e-06,-0.02064213590674998,0.25663595266392497,0.9667143007699437],"min":[3.482790732934485e-06,-0.020772535724641095,0.2550242398274811,0.9662848904682122],"type":"VEC4"},{"bufferView":2,"byteOffset":67852,"componentType":5126,"count":123,"max":[6.550000000000001],"min":[0.0],"type":"SCALAR"},{"bufferView":2,"byteOffset":68344,"componentType":5126,"count":123,"max":[6.580034817689726e-08,-0.009516844623354604,0.11946462924309485,0.9930272696961001],"min":[-2.7126639252982724e-08,-0.009675991608177543,0.11750009067367981,0.9927913061395167],"type":"VEC4"},{"bufferView":2,"byteOffset":70312,"componentType":5126,"count":132,"max":[-0.017219461571515455,-0.01872241264572164,0.33076901531210645,0.9440455484561969],"min":[-0.01801662062093939,-0.020333450272853357,0.3287583330276464,0.9433501482407668],"type":"VEC4"},{"bufferView":2,"byteOffset":72424,"componentType":5126,"count":127,"max":[6.550000000000001],"min":[0.0],"type":"SCALAR"},{"bufferView":2,"byteOffset":72932,"componentType":5126,"count":127,"max":[7.672531523176665e-08,-0.015790983539714684,0.19895021464243096,0.9806834352949496],"min":[-7.517137386576625e-08,-0.016113811213746033,0.19496318774821297,0.9798771133065096],"type":"VEC4"},{"bufferView":2,"byteOffset":74964,"componentType":5126,"count":127,"max":[6.550000000000001],"min":[0.0],"type":"SCALAR"},{"bufferView":2,"byteOffset":75472,"componentType":5126,"count":127,"max":[5.96189432898883e-08,-0.0148022758021844,0.18371254113158364,0.9830465777332965],"min":[-2.9852192994982203e-08,-0.01487968592446714,0.18275754057748117,0.9828673853464484],"type":"VEC4"},{"bufferView":2,"byteOffset":77504,"componentType":5126,"count":132,"max":[-0.009646317779795821,-0.008431028954726192,0.1846016717093066,0.9832576671082534],"min":[-0.010282563743530948,-0.010382611245754703,0.18169558876062547,0.9827152704509701],"type":"VEC4"},{"bufferView":2,"byteOffset":79616,"componentType":5126,"count":128,"max":[6.550000000000001],"min":[0.0],"type":"SCALAR"},{"bufferView":2,"byteOffset":80128,"componentType":5126,"count":128,"max":[1.4734466802129884e-07,-0.025444533789955984,0.3157746066880195,0.9490318995726025],"min":[-5.462397484651011e-08,-0.025575914782705378,0.31415128408750415,0.948489467708553],"type":"VEC4"},{"bufferView":2,"byteOffset":82176,"componentType":5126,"count":125,"max":[6.550000000000001],"min":[0.0],"type":"SCALAR"},{"bufferView":2,"byteOffset":82676,"componentType":5126,"count":125,"max":[4.403571760670117e-06,-0.019759969833048653,0.2446942263089465,0.969635230513959],"min":[4.283063977055383e-06,-0.01983588189341373,0.2437561554503978,0.9693973764055416],"type":"VEC4"},{"bufferView":2,"byteOffset":84676,"componentType":5126,"count":132,"max":[-0.002766205539054094,-0.026436237542194676,0.16563645100079585,0.9871811417300322],"min":[-0.002961060815400521,-0.02879151305468489,0.15730075445952246,0.9857726981251175],"type":"VEC4"},{"bufferView":2,"byteOffset":86788,"componentType":5126,"count":126,"max":[6.550000000000001],"min":[0.0],"type":"SCALAR"},{"bufferView":2,"byteOffset":87292,"componentType":5126,"count":126,"max":[1.0624896492926006e-07,-0.019673781502980263,0.25487869790283896,0.9698508780276495],"min":[-5.138322697305543e-07,-0.02064371805237022,0.24290371901304508,0.9667526499887786],"type":"VEC4"},{"bufferView":2,"byteOffset":89308,"componentType":5126,"count":107,"max":[6.550000000000001],"min":[0.0],"type":"SCALAR"},{"bufferView":2,"byteOffset":89736,"componentType":5126,"count":107,"max":[5.875090018562173e-08,-0.010948135671909803,0.1360980263478343,0.9907617525836115],"min":[-4.5865366552621856e-08,-0.011023171033805729,0.13517132810902083,0.9906340479332332],"type":"VEC4"},{"bufferView":2,"byteOffset":91448,"componentType":5126,"count":131,"max":[6.550000000000001],"min":[0.0],"type":"SCALAR"},{"bufferView":2,"byteOffset":91972,"componentType":5126,"count":131,"max":[0.13156609626962934,-0.15213744652030975,-0.07821786392152179,0.976584855672778],"min":[0.1292799197365012,-0.16466854485877294,-0.08014311816857989,0.9744006354729143],"type":"VEC4"},{"bufferView":2,"byteOffset":94068,"componentType":5126,"count":132,"max":[0.03268970101278216,-0.020824210933952068,-0.19211815454926012,0.9805363163423867],"min":[0.03210995901358076,-0.023893088656100583,-0.1959575262025351,0.9798646341271355],"type":"VEC4"},{"bufferView":2,"byteOffset":96180,"componentType":5126,"count":132,"max":[-0.06876572098867013,0.11525055744963913,0.07761379466623843,0.9882286440871758],"min":[-0.08858167617520175,0.11287930314700347,0.07290888425371088,0.9864912353091911],"type":"VEC4"},{"bufferView":2,"byteOffset":98292,"componentType":5126,"count":132,"max":[0.07994282321537759,0.04637612192265116,0.022784273483142943,0.9964003312785634],"min":[0.06764549694802692,0.040689785854791334,0.02061821965916477,0.9956387103503551],"type":"VEC4"},{"bufferView":2,"byteOffset":100404,"componentType":5126,"count":132,"max":[-0.011147099005177174,0.0034481250047788334,-0.0856947712983137,0.9961915068134055],"min":[-0.016081673961594097,0.003355654177232669,-0.09005555440315326,0.9958347475237824],"type":"VEC4"},{"bufferView":2,"byteOffset":102516,"componentType":5126,"count":89,"max":[6.550000000000001],"min":[0.0],"type":"SCALAR"},{"bufferView":2,"byteOffset":102872,"componentType":5126,"count":89,"max":[0.0009876372813366098,2.6042551127844004e-05,5.786538972607907e-06,0.9999999999999934],"min":[-2.238057505830548e-06,-7.027728610102654e-08,-0.003002255160342177,0.9999950052436007],"type":"VEC4"},{"bufferView":2,"byteOffset":104296,"componentType":5126,"count":132,"max":[-0.07508887532164454,-0.0772768665176473,-0.05707924151189582,0.9920217808670385],"min":[-0.08972056898243315,-0.08163823381194261,-0.061635000582869866,0.9912891610827527],"type":"VEC4"},{"bufferView":2,"byteOffset":106408,"componentType":5126,"count":132,"max":[0.051103955296084067,0.018298016587367263,-0.02328205498794175,0.9987155589836797],"min":[0.042212562773291176,0.007889170390775954,-0.025889864017227655,0.9982901371020783],"type":"VEC4"},{"bufferView":2,"byteOffset":108520,"componentType":5126,"count":132,"max":[0.007393787340741869,-0.003565802557365832,0.08865584905153837,0.9962557220802621],"min":[0.0010175332425128327,-0.0037116480591825097,0.08634349396439493,0.9960373025290956],"type":"VEC4"},{"bufferView":2,"byteOffset":110632,"componentType":5126,"count":129,"max":[6.550000000000001],"min":[0.0],"type":"SCALAR"},{"bufferView":2,"byteOffset":111148,"componentType":5126,"count":129,"max":[0.0007766844758069936,7.20091518548758e-08,0.002154986608900695,0.99999999999992],"min":[-1.96669728324691e-06,-3.625337128586517e-05,-3.564249657023126e-06,0.9999973757363734],"type":"VEC4"}],"animations":[{"channels":[{"sampler":0,"target":{"node":0,"path":"rotation"}},{"sampler":1,"target":{"node":0,"path":"translation"}},{"sampler":2,"target":{"node":1,"path":"rotation"}},{"sampler":3,"target":{"node":2,"path":"rotation"}},{"sampler":4,"target":{"node":3,"path":"rotation"}},{"sampler":5,"target":{"node":4,"path":"rotation"}},{"sampler":6,"target":{"node":5,"path":"rotation"}},{"sampler":7,"target":{"node":9,"path":"rotation"}},{"sampler":8,"target":{"node":10,"path":"rotation"}},{"sampler":9,"target":{"node":11,"path":"rotation"}},{"sampler":10,"target":{"node":12,"path":"rotation"}},{"sampler":11,"target":{"node":14,"path":"rotation"}},{"sampler":12,"target":{"node":15,"path":"rotation"}},{"sampler":13,"target":{"node":17,"path":"rotation"}},{"sampler":14,"target":{"node":18,"path":"rotation"}},{"sampler":15,"target":{"node":19,"path":"rotation"}},{"sampler":16,"target":{"node":21,"path":"rotation"}},{"sampler":17,"target":{"node":22,"path":"rotation"}},{"sampler":18,"target":{"node":23,"path":"rotation"}},{"sampler":19,"target":{"node":25,"path":"rotation"}},{"sampler":20,"target":{"node":26,"path":"rotation"}},{"sampler":21,"target":{"node":27,"path":"rotation"}},{"sampler":22,"target":{"node":29,"path":"rotation"}},{"sampler":23,"target":{"node":30,"path":"rotation"}},{"sampler":24,"target":{"node":31,"path":"rotation"}},{"sampler":25,"target":{"node":33,"path":"rotation"}},{"sampler":26,"target":{"node":34,"path":"rotation"}},{"sampler":27,"target":{"node":35,"path":"rotation"}},{"sampler":28,"target":{"node":36,"path":"rotation"}},{"sampler":29,"target":{"node":37,"path":"rotation"}},{"sampler":30,"target":{"node":38,"path":"rotation"}},{"sampler":31,"target":{"node":39,"path":"rotation"}},{"sampler":32,"target":{"node":41,"path":"rotation"}},{"sampler":33,"target":{"node":42,"path":"rotation"}},{"sampler":34,"target":{"node":43,"path":"rotation"}},{"sampler":35,"target":{"node":45,"path":"rotation"}},{"sampler":36,"target":{"node":46,"path":"rotation"}},{"sampler":37,"target":{"node":47,"path":"rotation"}},{"sampler":38,"target":{"node":49,"path":"rotation"}},{"sampler":39,"target":{"node":50,"path":"rotation"}},{"sampler":40,"target":{"node":51,"path":"rotation"}},{"sampler":41,"target":{"node":54,"path":"rotation"}},{"sampler":42,"target":{"node":55,"path":"rotation"}},{"sampler":43,"target":{"node":57,"path":"rotation"}},{"sampler":44,"target":{"node":58,"path":"rotation"}},{"sampler":45,"target":{"node":59,"path":"rotation"}},{"sampler":46,"target":{"node":60,"path":"rotation"}},{"sampler":47,"target":{"node":62,"path":"rotation"}},{"sampler":48,"target":{"node":63,"path":"rotation"}},{"sampler":49,"target":{"node":64,"path":"rotation"}},{"sampler":50,"target":{"node":65,"path":"rotation"}}],"name":"mixamo.com","samplers":[{"input":14,"interpolation":"LINEAR","output":16},{"input":14,"interpolation":"LINEAR","output":15},{"input":14,"interpolation":"LINEAR","output":17},{"input":14,"interpolation":"LINEAR","output":18},{"input":14,"interpolation":"LINEAR","output":19},{"input":14,"interpolation":"LINEAR","output":20},{"input":14,"interpolation":"LINEAR","output":21},{"input":14,"interpolation":"LINEAR","output":22},{"input":14,"interpolation":"LINEAR","output":23},{"input":24,"interpolation":"LINEAR","output":25},{"input":14,"interpolation":"LINEAR","output":26},{"input":27,"interpolation":"LINEAR","output":28},{"input":14,"interpolation":"LINEAR","output":29},{"input":14,"interpolation":"LINEAR","output":30},{"input":31,"interpolation":"LINEAR","output":32},{"input":33,"interpolation":"LINEAR","output":34},{"input":14,"interpolation":"LINEAR","output":35},{"input":36,"interpolation":"LINEAR","output":37},{"input":38,"interpolation":"LINEAR","output":39},{"input":14,"interpolation":"LINEAR","output":40},{"input":41,"interpolation":"LINEAR","output":42},{"input":43,"interpolation":"LINEAR","output":44},{"input":14,"interpolation":"LINEAR","output":45},{"input":46,"interpolation":"LINEAR","output":47},{"input":48,"interpolation":"LINEAR","output":49},{"input":14,"interpolation":"LINEAR","output":50},{"input":14,"interpolation":"LINEAR","output":51},{"input":14,"interpolation":"LINEAR","output":52},{"input":14,"interpolation":"LINEAR","output":53},{"input":14,"interpolation":"LINEAR","output":54},{"input":14,"interpolation":"LINEAR","output":55},{"input":56,"interpolation":"LINEAR","output":57},{"input":14,"interpolation":"LINEAR","output":58},{"input":59,"interpolation":"LINEAR","output":60},{"input":61,"interpolation":"LINEAR","output":62},{"input":14,"interpolation":"LINEAR","output":63},{"input":64,"interpolation":"LINEAR","output":65},{"input":66,"interpolation":"LINEAR","output":67},{"input":14,"interpolation":"LINEAR","output":68},{"input":69,"interpolation":"LINEAR","output":70},{"input":71,"interpolation":"LINEAR","output":72},{"input":73,"interpolation":"LINEAR","output":74},{"input":14,"interpolation":"LINEAR","output":75},{"input":14,"interpolation":"LINEAR","output":76},{"input":14,"interpolation":"LINEAR","output":77},{"input":14,"interpolation":"LINEAR","output":78},{"input":79,"interpolation":"LINEAR","output":80},{"input":14,"interpolation":"LINEAR","output":81},{"input":14,"interpolation":"LINEAR","output":82},{"input":14,"interpolation":"LINEAR","output":83},{"input":84,"interpolation":"LINEAR","output":85}]}],"asset":{"generator":"ClayGL - fbx2gltf","version":"2.0"},"bufferViews":[{"buffer":0,"byteLength":1588944,"byteOffset":0,"target":34962},{"buffer":0,"byteLength":6656,"byteOffset":1588944,"target":34962},{"buffer":0,"byteLength":113212,"byteOffset":1595600,"target":34962},{"buffer":0,"byteLength":294672,"byteOffset":1708812,"target":34963}],"buffers":[{"byteLength":2003484,"uri":"Idle.bin"}],"materials":[{"emissiveFactor":[0.0,0.0,0.0],"name":"Beta_Joints_MAT","pbrMetallicRoughness":{"baseColorFactor":[0.3333333432674408,0.12452887743711472,0.10101472586393356,1],"metallicFactor":0,"roughnessFactor":1}},{"emissiveFactor":[0.0,0.0,0.0],"name":"asdf1:Beta_HighLimbsGeoSG2","pbrMetallicRoughness":{"baseColorFactor":[0.8370000123977661,0.30230802297592163,0.26365500688552856,1],"metallicFactor":0,"roughnessFactor":1}}],"meshes":[{"name":"Beta_Joints","primitives":[{"attributes":{"JOINTS_0":3,"NORMAL":1,"POSITION":0,"TEXCOORD_0":2,"WEIGHTS_0":4},"indices":5,"material":0}]},{"name":"Beta_Surface","primitives":[{"attributes":{"JOINTS_0":10,"NORMAL":8,"POSITION":7,"TEXCOORD_0":9,"WEIGHTS_0":11},"indices":12,"material":1}]}],"nodes":[{"children":[1,57,62],"matrix":[0.9979058561087271,-0.008996386835554966,0.06405440943302759,0.0,0.004703193285271778,0.9977511423593364,0.06686208113393703,0.0,-0.06451187733146704,-0.06642080204683513,0.9957040196457104,0.0,-0.06801028549671173,102.8011245727539,1.8033273220062256,1.0],"name":"mixamorig:Hips"},{"children":[2],"matrix":[0.9999831211658994,0.0017684653114852207,-0.0055344298485982685,0.0,-0.0017520840505460041,0.9999940744139442,0.0029633323269967343,0.0,0.005539637604284664,-0.0029535855231354186,0.9999802941797263,0.0,9.234152457682221e-06,10.181588172912583,0.13152092695236206,1.0],"name":"mixamorig:Spine"},{"children":[3],"matrix":[0.9999495525287512,-0.0025312492519984973,-0.009720348490403985,0.0,0.002617779162612824,0.9999569716602231,0.008899553942285074,0.0,0.009697403250686847,-0.00892455070802499,0.9999131526111922,0.0,2.519402926282055e-07,10.083451271057115,-1.0008043050765982,1.0],"name":"mixamorig:Spine1"},{"children":[4,9,33],"matrix":[0.9999490378237796,-0.0026372490296833026,-0.009745084548265039,0.0,0.002723438004825018,0.9999572027557596,0.008841693407408507,0.0,0.009721349738142059,-0.008867782949090006,0.9999134251448155,0.0,3.457486457136838e-07,9.100010871887207,-1.3734171390533412,1.0],"name":"mixamorig:Spine2"},{"children":[5],"matrix":[0.998621936426078,0.050404149182392555,0.014616765505034143,0.0,-0.04600094429039138,0.9747500697757676,-0.218509072114932,0.0,-0.025261457064515297,0.21753556770637617,0.9757254406694756,0.0,6.334285553855068e-07,16.671669006347685,-2.5161678791046143,1.0],"name":"mixamorig:Neck"},{"children":[6,7,8],"matrix":[0.9974606577472158,-0.034627504608293454,-0.06223481478315727,0.0,0.04503000344312862,0.9836423732901752,0.17441324564947255,0.0,0.055177305447104794,-0.17677278464931767,0.9827038453017888,0.0,-4.242318709657411e-07,9.617875099182129,1.6850075721740723,1.0],"name":"mixamorig:Head"},{"matrix":[0.9999999999999998,9.554531645028508e-19,-1.0842021724855044e-19,0.0,-9.690056916589196e-19,1.0,0.0,0.0,1.0842021724855044e-19,0.0,0.9999999999999997,0.0,-6.508241766622902e-07,17.815155029296875,2.5849854946136475,1.0],"name":"mixamorig:HeadTop_End"},{"matrix":[0.9999999999999998,9.554531645028508e-19,-1.0842021724855044e-19,0.0,-9.690056916589196e-19,1.0,0.0,0.0,1.0842021724855044e-19,0.0,0.9999999999999997,0.0,3.0675606727600098,6.409507751464844,9.283554077148436,1.0],"name":"mixamorig:LeftEye"},{"matrix":[0.9999999999999998,9.554531645028508e-19,-1.0842021724855044e-19,0.0,-9.690056916589196e-19,1.0,0.0,0.0,1.0842021724855044e-19,0.0,0.9999999999999997,0.0,-3.067550420761108,6.4095001220703125,9.28354740142822,1.0],"name":"mixamorig:RightEye"},{"children":[10],"matrix":[0.9691607965827318,-0.15586305195048,0.19087707930447267,0.0,0.14749471259105748,0.9873969785682948,0.05738045374413932,0.0,-0.19741494402604215,-0.027457526306714983,0.9799354183436326,0.0,4.570446491241454,10.945984840393095,-2.62798810005188,1.0],"name":"mixamorig:LeftShoulder"},{"children":[11],"matrix":[0.4687827146186006,-0.8805683732805587,0.0695852459422733,0.0,0.840688024147382,0.46895076140285585,0.27079296415315696,0.0,-0.2710837740072001,-0.06844357791431499,0.9601192968127974,0.0,10.59237003326416,-0.5245829224586487,-2.2321200370788574,1.0],"name":"mixamorig:LeftArm"},{"children":[12],"matrix":[0.9750133765187756,0.0019626717243140246,0.22213748789692928,0.0,0.001970382223074097,0.999845228046503,-0.017482492572038266,0.0,-0.2221374196378241,0.017483359869857884,0.9748586045803311,0.0,27.841520309448214,-8.94286495167762e-05,3.745891080697561e-05,1.0],"name":"mixamorig:LeftForeArm"},{"children":[13,17,21,25,29],"matrix":[0.9880792230069926,-0.14869410957012166,0.03986866991820323,0.0,0.14733263721266926,0.9884615883825558,0.03516791583525425,0.0,-0.04463791072460693,-0.0288747306720627,0.9985858535222489,0.0,28.328838348388658,-1.7440717783756554e-05,3.780452243251631e-05,1.0],"name":"mixamorig:LeftHand"},{"children":[14],"matrix":[0.9386930408231742,0.3268398649594992,0.10968626980346685,0.0,-0.32648899417795907,0.944952892420809,-0.02165566406764996,0.0,-0.11072629222911429,-0.015483338748558895,0.9937303227890302,0.0,2.46614027023314,-1.5750491619110036,2.682413578033448,1.0],"name":"mixamorig:LeftHandThumb1"},{"children":[15],"matrix":[0.9026071888780226,0.12697127498711036,-0.4113132114506666,0.0,0.020551658941533324,0.9417082189678792,0.33580241161000535,0.0,0.42997429213903504,-0.31155083960164826,0.8473831379270204,0.0,3.2298038005828857,-1.8646906614303589,1.8646812438964826,1.0],"name":"mixamorig:LeftHandThumb2"},{"children":[16],"matrix":[0.9973208689983335,0.06511395257926189,0.03333552819313948,0.0,-0.06675523435886518,0.9964778913753661,0.05074988360377658,0.0,-0.029913591327404163,-0.05283923901429216,0.9981548937285676,0.0,2.652565002441399,-1.5314929485321045,1.531471610069275,1.0],"name":"mixamorig:LeftHandThumb3"},{"matrix":[1.0,-8.326672684688674e-17,-5.551115123125783e-17,0.0,-8.326672684688674e-17,1.0,5.551115123125783e-17,0.0,-2.7755575615628914e-17,-1.1102230246251565e-16,1.0,0.0,1.9545669555663991,-1.1285001039505005,1.128492116928097,1.0],"name":"mixamorig:LeftHandThumb4"},{"children":[18],"matrix":[0.9131135840938134,-0.400788757555373,-0.07477937122342337,0.0,0.4001210502149329,0.9161383619908163,-0.02436486945754407,0.0,0.07827341642121834,-0.007672907271972507,0.9969024018306639,0.0,9.109301567077608,-0.5170834064483643,2.26007318496704,1.0],"name":"mixamorig:LeftHandIndex1"},{"children":[19],"matrix":[0.8482471832964118,-0.5268657320049073,-0.05375143224730344,0.0,0.5268657373624733,0.8498104015022989,-0.015322411428940585,0.0,0.05375137973299374,-0.015322595649357118,0.9984367817941032,0.0,3.676409482955947,-6.939138531336653e-06,2.9242517484817654e-05,1.0],"name":"mixamorig:LeftHandIndex2"},{"children":[20],"matrix":[0.9415975325646982,-0.33500153195690874,-0.03417689650328348,0.0,0.3350015318727575,0.9421991300962135,-0.0058968541481291825,0.0,0.03417689732813162,-0.005896849367484136,0.9993984024684852,0.0,2.8830626010894775,3.8511967431986704e-05,-4.276481558829204e-05,1.0],"name":"mixamorig:LeftHandIndex3"},{"matrix":[1.0,0.0,-1.1102230246251565e-16,0.0,5.551115123125783e-17,1.0000000000000002,5.551115123125783e-17,0.0,5.551115123125783e-17,5.551115123125783e-17,1.0,0.0,2.3927199840545654,3.7025907637655564e-05,3.3554435503901914e-05,1.0],"name":"mixamorig:LeftHandIndex4"},{"children":[22],"matrix":[0.8928389993668243,-0.4227985617283977,-0.15517698737263386,0.0,0.42504344732444377,0.9049501548994783,-0.02008195792153855,0.0,0.1489180616856161,-0.04802700644229296,0.9876825489781577,0.0,9.533401489257798,-3.392404687474482e-05,1.3937025867605257e-05,1.0],"name":"mixamorig:LeftHandMiddle1"},{"children":[23],"matrix":[0.7431126140065998,-0.6657109118934856,-0.06791630651192787,0.0,0.6657109181304421,0.745758811676871,-0.025937777241412913,0.0,0.06791624537768845,-0.025937937316696857,0.9973538023297213,0.0,3.6982367038726665,1.961359196833712e-06,1.791696741015869e-05,1.0],"name":"mixamorig:LeftHandMiddle2"},{"children":[24],"matrix":[0.9180992162346637,-0.3943039505645928,-0.04022715150805084,0.0,0.3943039486800503,0.9189428766917637,-0.008269548523723781,0.0,0.040227169980213695,-0.008269458665529805,0.9991563395428978,0.0,2.9509215354919363,-3.9376085631204205e-05,1.6447960657473004e-05,1.0],"name":"mixamorig:LeftHandMiddle3"},{"matrix":[0.9999999999999998,-4.163336342344337e-17,-1.1102230246251565e-16,0.0,4.85722573273506e-17,1.0,-1.214306433183765e-17,0.0,1.1102230246251565e-16,-1.3877787807814457e-17,1.0,0.0,2.833902597427368,-3.8934820622671396e-05,-9.504223271505907e-06,1.0],"name":"mixamorig:LeftHandMiddle4"},{"children":[26],"matrix":[0.8108302484962033,-0.5653361225998166,-0.15149051655925827,0.0,0.5670775990694592,0.8228908913258903,-0.035687219091705524,0.0,0.14483544026654255,-0.05697060168795037,0.9878142769701751,0.0,9.104527473449679,-0.04393950477241759,-1.8650846481323242,1.0],"name":"mixamorig:LeftHandRing1"},{"children":[27],"matrix":[0.8113486482232476,-0.5815439541751737,-0.0593295911717992,0.0,0.5815439595487334,0.8132919501199292,-0.01904801781036128,0.0,0.05932953850056724,-0.019048181866686664,0.9980566981033108,0.0,3.1540267467498637,-6.553467764902621e-06,1.0425744218167665e-05,1.0],"name":"mixamorig:LeftHandRing2"},{"children":[28],"matrix":[0.9083090884526075,-0.4161396123019281,-0.042454951508561434,0.0,0.41613961285941137,0.9092536014177817,-0.009258019119287267,0.0,0.042454946044160835,-0.00925804417762116,0.9990554870348258,0.0,2.9376723766326833,-4.545861884963642e-05,-6.8647573243652005e-06,1.0],"name":"mixamorig:LeftHandRing3"},{"matrix":[1.0,0.0,-1.1102230246251565e-16,0.0,-1.0408340855860843e-17,1.0,6.938893903907228e-18,0.0,1.6653345369377348e-16,-1.3877787807814457e-17,1.0,0.0,2.6474525928497314,-4.980441373447775e-05,7.070515906093533e-08,1.0],"name":"mixamorig:LeftHandRing4"},{"children":[30],"matrix":[0.6823586177074116,-0.7022940777880334,-0.20290329012681338,0.0,0.6977919905463303,0.7084805203246729,-0.10555420526852871,0.0,0.21788312181034308,-0.0695584691057512,0.9734929710099829,0.0,8.077777862548814,-0.48866820335388184,-3.8060669898986816,1.0],"name":"mixamorig:LeftHandPinky1"},{"children":[31],"matrix":[0.8841798849775195,-0.46473430076862393,-0.047412663817148815,0.0,0.46473429957031703,0.8853729564379756,-0.011694392295686251,0.0,0.047412675562838624,-0.01169434467494379,0.9988069285395432,0.0,3.600034475326538,-2.252215157483306e-06,-2.6238794820443445e-05,1.0],"name":"mixamorig:LeftHandPinky2"},{"children":[32],"matrix":[0.9845128720154809,-0.1744070059842956,-0.017793288044194056,0.0,0.1744070056900442,0.9846724079677074,-0.0015637625490987558,0.0,0.017793290928398486,-0.001563729730804958,0.9998404640477734,0.0,2.1142115592956543,1.953828178358208e-05,-2.8644151406354013e-06,1.0],"name":"mixamorig:LeftHandPinky3"},{"matrix":[1.0000000000000002,6.938893903907228e-18,-1.6653345369377348e-16,0.0,3.469446951953614e-17,1.0000000000000002,4.163336342344337e-17,0.0,-5.551115123125783e-17,-4.163336342344337e-17,1.0000000000000002,0.0,1.9756826162338257,1.2405656903524687e-05,-4.4301406884272865e-05,1.0],"name":"mixamorig:LeftHandPinky4"},{"children":[34],"matrix":[0.9521365209112549,0.1812761242690058,-0.24611991450717588,0.0,-0.1664350115367495,0.9828017870166678,0.08000021482225517,0.0,0.2563892206817081,-0.035208155402589494,0.9659321680694629,0.0,-4.56996965408325,10.946176528930692,-2.6280174255371094,1.0],"name":"mixamorig:RightShoulder"},{"children":[35],"matrix":[0.45766762421335955,0.8837780902484303,-0.0973479991768531,0.0,-0.8872212838578788,0.4611008239533749,0.014980774983161887,0.0,0.05812692333571967,0.07951300111526466,0.9951376504972405,0.0,-10.592844009399412,-0.5247983932495117,-2.2320985794067347,1.0],"name":"mixamorig:RightArm"},{"children":[36],"matrix":[0.9914215126448784,-0.000675343483614671,-0.13070167625596987,0.0,-0.0006749887472369924,0.9999468613445841,-0.010286830284721687,0.0,0.13070167808843278,0.010286807001917697,0.9913683739894941,0.0,-27.841520309448242,-3.307921725337337e-05,1.1676310352370933e-05,1.0],"name":"mixamorig:RightForeArm"},{"children":[37,41,45,49,53],"matrix":[0.990030052193605,0.14078915309565665,0.004348577254287833,0.0,-0.13902525394985213,0.9717328178826339,0.1908069951916225,0.0,0.02263790002866614,-0.18950922146556473,0.981617940169091,0.0,-28.328838348388672,-1.581417095053439e-07,5.581601362614208e-05,1.0],"name":"mixamorig:RightHand"},{"children":[38],"matrix":[0.7727156198656085,0.6346754792900831,-0.00987961555994879,0.0,-0.6342923565182086,0.7714696338435695,-0.0500780442893583,0.0,-0.024161483362709443,0.04496265166972263,0.998696441706158,0.0,-8.07667446136476,-0.4884592890739441,-3.8060102462768555,1.0],"name":"mixamorig:RightHandPinky1"},{"children":[39],"matrix":[0.8680337455907715,0.49488654559114753,0.04005900034344806,0.0,-0.4948868407955816,0.8688927115322992,-0.010605218216377166,0.0,-0.040055353238035135,-0.010618984834228906,0.999141034007745,0.0,-3.6000344753265523,3.967665543491705e-05,5.081442213761278e-05,1.0],"name":"mixamorig:RightHandPinky2"},{"children":[40],"matrix":[0.9719491517751764,0.2344234237866794,0.018986962464958068,0.0,-0.23442342630308394,0.97213196792609,-0.002257019377501418,0.0,-0.01898693139602531,-0.0022572807266209027,0.9998171838490689,0.0,-2.1142115592956543,1.5137925416297549e-05,1.479376896895701e-05,1.0],"name":"mixamorig:RightHandPinky3"},{"matrix":[1.0,-6.938893903907228e-17,-5.551115123125783e-17,0.0,0.0,0.9999999999999999,-2.7755575615628914e-17,0.0,5.551115123125783e-17,0.0,1.0,0.0,-1.9756826162338257,-1.852195784124433e-05,-9.839841368375346e-07,1.0],"name":"mixamorig:RightHandPinky4"},{"children":[42],"matrix":[0.7815217062489298,0.6233356757514785,0.026008806147338193,0.0,-0.6219452700334335,0.7817022171852245,-0.046105582424950386,0.0,-0.04907039580848689,0.01985645948179432,0.9985979257298937,0.0,-9.103588104248033,-0.043914347887039185,-1.8650724887847883,1.0],"name":"mixamorig:RightHandRing1"},{"children":[43],"matrix":[0.9226229382972689,0.3844442201924564,0.031137682770675634,0.0,-0.38444422235391956,0.9231272256632668,-0.006226165588045229,0.0,-0.031137656083961907,-0.0062262990495077775,0.9994957126339974,0.0,-3.154026746749878,2.3997297827094144e-05,4.8851212341105565e-05,1.0],"name":"mixamorig:RightHandRing2"},{"children":[44],"matrix":[0.9323670926054368,0.3603329535123912,0.029185051645002125,0.0,-0.3603329530326128,0.9328078822543914,-0.005442220399226316,0.0,-0.02918505756857792,-0.005442188632708456,0.9995592103510447,0.0,-2.9376723766326904,-4.1600655094953254e-05,-3.966063377447426e-05,1.0],"name":"mixamorig:RightHandRing3"},{"matrix":[0.9999999999999999,4.85722573273506e-17,5.551115123125783e-17,0.0,-9.020562075079397e-17,1.0,1.3877787807814457e-17,0.0,-5.551115123125783e-17,1.3877787807814457e-17,1.0,0.0,-2.6474525928497386,2.460821269067992e-05,-2.294923431733764e-06,1.0],"name":"mixamorig:RightHandRing4"},{"children":[46],"matrix":[0.9317751271814861,0.3627129898989999,0.015310105305117228,0.0,-0.36232853265386333,0.9317635530757021,-0.02312391802100766,0.0,-0.02265274356063822,0.015999003664979305,0.999615368574786,0.0,-9.532503128051744,-1.631230225029867e-05,1.6791842426755466e-05,1.0],"name":"mixamorig:RightHandMiddle1"},{"children":[47],"matrix":[0.8009121677469166,0.5968274410452123,0.04833947838318697,0.0,-0.5968274357604123,0.8022096815103916,-0.016019950519486625,0.0,-0.048339543632370974,-0.016019753631673017,0.9987024862365144,0.0,-3.698236703872695,1.5066959345944042e-05,-2.2545524187123078e-05,1.0],"name":"mixamorig:RightHandMiddle2"},{"children":[48],"matrix":[0.8797417132168251,0.4738972031695966,0.03841820993174733,0.0,-0.47389754574444587,0.8805268191832354,-0.009676612860131578,0.0,-0.03841398396048662,-0.009693375422841821,0.99921489395885,0.0,-2.950921535491929,-3.113244986252539e-07,-3.0340254397742683e-07,1.0],"name":"mixamorig:RightHandMiddle3"},{"matrix":[1.0,-2.7755575615628914e-17,-5.551115123125783e-17,0.0,-7.632783294297951e-17,1.0000000000000002,-1.3877787807814457e-17,0.0,5.5511