{"accessors":[{"bufferView":0,"byteOffset":0,"componentType":5126,"count":12473,"max":[88.34669695649944,159.36082407438172,13.023685073166764],"min":[-88.34668382134942,-0.32311564474442345,-12.468755150527247],"type":"VEC3"},{"bufferView":0,"byteOffset":149676,"componentType":5126,"count":12473,"max":[1.0,1.0,1.0],"min":[-1.0,-1.0,-1.0],"type":"VEC3"},{"bufferView":0,"byteOffset":299352,"componentType":5126,"count":12473,"max":[1.0,1.0],"min":[0.0,0.0],"type":"VEC2"},{"bufferView":0,"byteOffset":399136,"componentType":5123,"count":12473,"max":[50,1,44,48],"min":[0,0,0,0],"type":"VEC4"},{"bufferView":0,"byteOffset":498920,"componentType":5126,"count":12473,"max":[1.0,0.06934288144111633,0.28533273935317993,0.26525530219078064],"min":[0.44115912914276123,0,0,0],"type":"VEC4"},{"bufferView":3,"byteOffset":0,"componentType":5123,"count":62520,"max":[12472],"min":[0],"type":"SCALAR"},{"bufferView":1,"byteOffset":0,"componentType":5126,"count":52,"max":[1.0,0.0,0.0,0.0,0.0,1.0,0.0,0.0,0.0,0.0,1.0,0.0,87.51482387967188,0.2872597793310625,8.832752840463527,1.0],"min":[1.0,0.0,0.0,0.0,0.0,1.0,0.0,0.0,0.0,0.0,1.0,0.0,-87.51574421263885,-159.64606476963044,-8.489533267226026,1.0],"type":"MAT4"},{"bufferView":0,"byteOffset":698488,"componentType":5126,"count":15901,"max":[90.25660956454382,180.60491925701214,17.695815693735348],"min":[-90.25659834878981,-0.3201932443348016,-14.373942757499393],"type":"VEC3"},{"bufferView":0,"byteOffset":889300,"componentType":5126,"count":15901,"max":[1.0,0.9999805688858032,0.9999884963035583],"min":[-1.0,-0.9998055696487427,-0.9999910593032837],"type":"VEC3"},{"bufferView":0,"byteOffset":1080112,"componentType":5126,"count":15901,"max":[1.0,1.0],"min":[0.0,0.0],"type":"VEC2"},{"bufferView":0,"byteOffset":1207320,"componentType":5123,"count":15901,"max":[51,50,50,50],"min":[0,0,0,0],"type":"VEC4"},{"bufferView":0,"byteOffset":1334528,"componentType":5126,"count":15901,"max":[1.0,0.9988259077072144,0.9573211669921875,0.9015707969665527],"min":[0.0010370771633461118,0,0,0],"type":"VEC4"},{"bufferView":3,"byteOffset":125040,"componentType":5123,"count":84816,"max":[15900],"min":[0],"type":"SCALAR"},{"bufferView":1,"byteOffset":3328,"componentType":5126,"count":52,"max":[1.0,0.0,0.0,0.0,0.0,1.0,0.0,0.0,0.0,0.0,1.0,0.0,87.51482387967188,0.2872597793310625,8.832752840463527,1.0],"min":[1.0,0.0,0.0,0.0,0.0,1.0,0.0,0.0,0.0,0.0,1.0,0.0,-87.51574421263885,-159.64606476963044,-8.489533267226026,1.0],"type":"MAT4"},{"bufferView":2,"byteOffset":0,"componentType":5126,"count":64,"max":[3.1500000000000004],"min":[0.0],"type":"SCALAR"},{"bufferView":2,"byteOffset":256,"componentType":5126,"count":64,"max":[-8.341842651367188,104.34349060058594,14.218605995178223],"min":[-13.595083236694336,102.55033874511719,8.351802825927734],"type":"VEC3"},{"bufferView":2,"byteOffset":1024,"componentType":5126,"count":64,"max":[0.05635429909376187,0.050374046161001156,0.03244214385239464,0.9999899454259744],"min":[-0.001740071259778517,-0.006199907652630305,-0.006173422640977152,0.9976477548074251],"type":"VEC4"},{"bufferView":2,"byteOffset":2048,"componentType":5126,"count":64,"max":[0.0002673890092356916,0.003908239374499204,0.0031690724561370003,0.9999974460055212],"min":[-0.01687691515099147,-0.0003395895329711102,-0.006321029584558495,0.9998376550838238],"type":"VEC4"},{"bufferView":2,"byteOffset":3072,"componentType":5126,"count":64,"max":[0.0005351023930949034,0.007747838740759028,0.009611145869602052,0.9999896401031215],"min":[-0.03375412374331114,-0.0007120496959709153,-0.010583393346127743,0.9993690821124122],"type":"VEC4"},{"bufferView":2,"byteOffset":4096,"componentType":5126,"count":64,"max":[0.0005351022665214906,0.007747842898474942,0.009611137552637887,0.9999896401114146],"min":[-0.03375411770456068,-0.0007120499983098901,-0.010583392922974512,0.9993690824792667],"type":"VEC4"},{"bufferView":2,"byteOffset":5120,"componentType":5126,"count":64,"max":[0.12026535402054027,0.025820457373192916,-0.016322523899073987,0.9979632568229643],"min":[0.052518744869869155,0.015830329845102645,-0.045761222341823574,0.9922878257395029],"type":"VEC4"},{"bufferView":2,"byteOffset":6144,"componentType":5126,"count":64,"max":[-0.09136420166544677,-0.04572648852859667,0.08320429775310155,0.9942465421727638],"min":[-0.1520729963816688,-0.10271200103628338,0.01808466969701147,0.9826588553470877],"type":"VEC4"},{"bufferView":2,"byteOffset":7168,"componentType":5126,"count":64,"max":[0.04960108255081095,0.01540667458092267,0.3289944854096033,0.9997461666891613],"min":[0.01980164263811838,-0.02899516225224787,-0.03528174784114602,0.9430664462224889],"type":"VEC4"},{"bufferView":2,"byteOffset":8192,"componentType":5126,"count":64,"max":[0.26872817980321173,-0.05092764644151627,0.37374014728250976,0.9676272389482807],"min":[-0.4174442875484175,-0.24487582322877713,-0.491170862741595,0.7951822190952644],"type":"VEC4"},{"bufferView":2,"byteOffset":9216,"componentType":5126,"count":64,"max":[-0.018387314081749945,0.00442032951026195,0.039391281455256846,0.999829008157899],"min":[-0.1782675089693278,-0.5705336722804908,-0.0020939787377704504,0.8046187805984026],"type":"VEC4"},{"bufferView":2,"byteOffset":10240,"componentType":5126,"count":64,"max":[0.11432729283612957,0.2811756236851687,0.5108320828378137,0.9993824076048655],"min":[-0.4283143082883056,-0.2631844684119699,0.024736129390750986,0.8303253859544703],"type":"VEC4"},{"bufferView":2,"byteOffset":11264,"componentType":5126,"count":64,"max":[0.1014027760195358,0.12527507348141145,0.20263455166020752,0.9960676397896238],"min":[-0.07354255628999264,-0.12348924269158956,0.07487144670737582,0.9773116087905869],"type":"VEC4"},{"bufferView":2,"byteOffset":12288,"componentType":5126,"count":64,"max":[0.06793873120656406,0.1988995927394436,-0.043733918081549646,0.9941644915073276],"min":[0.013711464997275297,0.09765400126385858,-0.06680535846922707,0.9753770167939799],"type":"VEC4"},{"bufferView":2,"byteOffset":13312,"componentType":5126,"count":64,"max":[-0.04311795190135312,0.1364330736338223,-0.10111469044254266,0.9918298052587946],"min":[-0.052545467065609884,0.05927722849129252,-0.28283686194656255,0.9484356426067515],"type":"VEC4"},{"bufferView":2,"byteOffset":14336,"componentType":5126,"count":63,"max":[3.1500000000000004],"min":[0.0],"type":"SCALAR"},{"bufferView":2,"byteOffset":14588,"componentType":5126,"count":63,"max":[0.0045861335505730004,0.00209305275152286,-0.19371391997435375,0.9810512718324512],"min":[0.0032112359445966273,0.001733544874377805,-0.2577250815741758,0.9662051380720453],"type":"VEC4"},{"bufferView":2,"byteOffset":15596,"componentType":5126,"count":64,"max":[-0.05162723234659714,0.10357561779253119,-0.20852645358048055,0.9756237115514559],"min":[-0.055927740913834866,0.020518500793606224,-0.27484165644181946,0.9551872591983734],"type":"VEC4"},{"bufferView":2,"byteOffset":16620,"componentType":5126,"count":64,"max":[-0.001002491402277267,-0.010569863297489955,-0.12315386376560233,0.992330787074502],"min":[-0.0010071814771640737,-0.015098646697637457,-0.1755694052156377,0.9843507547594122],"type":"VEC4"},{"bufferView":2,"byteOffset":17644,"componentType":5126,"count":64,"max":[-0.07215614776966552,0.043633046151206986,-0.14560523016564414,0.9860543064562242],"min":[-0.08010326574611701,0.011983277871739672,-0.2941471600533981,0.95218808237394],"type":"VEC4"},{"bufferView":2,"byteOffset":18668,"componentType":5126,"count":64,"max":[0.0009634794924786148,-0.01464143296882026,-0.1692391334386463,0.9854657862456835],"min":[0.0008908037013579163,-0.02433071328597252,-0.2823429201523243,0.9590045350777125],"type":"VEC4"},{"bufferView":2,"byteOffset":19692,"componentType":5126,"count":64,"max":[-0.012139577072353773,0.028993216311077177,-0.013546095358909434,0.9997882007422922],"min":[-0.03289158347993394,-0.02432761943357317,-0.2764934169186583,0.9605016473057651],"type":"VEC4"},{"bufferView":2,"byteOffset":20716,"componentType":5126,"count":64,"max":[0.0017816925883151016,-0.04841376233331166,-0.39690323571471886,0.9165809893606165],"min":[0.001543859669758802,-0.05114181777824138,-0.41974733617803317,0.9061977183501968],"type":"VEC4"},{"bufferView":2,"byteOffset":21740,"componentType":5126,"count":64,"max":[0.06356241149268768,0.08396272989935474,0.04044530098683903,0.9983140182344129],"min":[0.03256301805085627,0.028392725831408113,-0.34086124927920575,0.9370443093178363],"type":"VEC4"},{"bufferView":2,"byteOffset":22764,"componentType":5126,"count":64,"max":[0.26226039614773045,0.21784513634114758,0.4606739461119903,0.984872473029306],"min":[-0.36624906604678026,0.0038366083196698006,-0.43861340686829214,0.8225274325737283],"type":"VEC4"},{"bufferView":2,"byteOffset":23788,"componentType":5126,"count":64,"max":[-0.07530658811711478,0.5654187271887436,0.003882002938507982,0.9971598494679101],"min":[-0.20012214077422594,-0.0029960351081771194,-0.07093217913760613,0.7973486020977042],"type":"VEC4"},{"bufferView":2,"byteOffset":24812,"componentType":5126,"count":64,"max":[0.05747436045540572,0.36605965388216405,0.06558599776393419,0.9989552836028972],"min":[-0.5711808930852128,-0.4036132800802272,-0.4295586912942559,0.6237358595320195],"type":"VEC4"},{"bufferView":2,"byteOffset":25836,"componentType":5126,"count":64,"max":[-0.004581337348678643,0.0897328043383548,0.2809511193629578,0.9999382188527514],"min":[-0.052034640658963315,-0.004376508403489332,-0.00806709494060556,0.9568443815390215],"type":"VEC4"},{"bufferView":2,"byteOffset":26860,"componentType":5126,"count":56,"max":[3.1500000000000004],"min":[0.0],"type":"SCALAR"},{"bufferView":2,"byteOffset":27084,"componentType":5126,"count":56,"max":[-0.00027833497576438464,0.05719356758554955,0.32669509099243543,0.9589973318814423],"min":[-0.0013012308895758537,0.04901071827839833,0.27914510468168974,0.9433967988849938],"type":"VEC4"},{"bufferView":2,"byteOffset":27980,"componentType":5126,"count":64,"max":[-0.12770698917482254,-0.006788706330226391,0.2259830763058176,0.9904602571009663],"min":[-0.13715716914437243,-0.05884350030159094,0.033239097415141416,0.9643012198804741],"type":"VEC4"},{"bufferView":2,"byteOffset":29004,"componentType":5126,"count":64,"max":[-0.001848398040136281,0.03664831023572668,0.3416337326219698,0.9563316408433067],"min":[-0.0021099832166485014,0.0311473599469814,0.2906135201861178,0.9391159896745832],"type":"VEC4"},{"bufferView":2,"byteOffset":30028,"componentType":5126,"count":64,"max":[-0.041906493320053285,0.03252845201382684,0.20422698751544435,0.9988345961763375],"min":[-0.0558131241593086,-0.007491957330527902,0.023914821122544852,0.9770913305844038],"type":"VEC4"},{"bufferView":2,"byteOffset":31052,"componentType":5126,"count":64,"max":[0.00015095716467025883,0.01830907957507588,0.2702946856642223,0.9798408104636718],"min":[-0.00018384141326121623,0.013483615001412423,0.199324219498593,0.9626035205206385],"type":"VEC4"},{"bufferView":2,"byteOffset":32076,"componentType":5126,"count":64,"max":[-0.09332161574216626,0.017935879783430957,0.24344966701095092,0.9879666347774523],"min":[-0.10621855119792081,-0.06843054977927403,0.11073008978963955,0.9641334235863331],"type":"VEC4"},{"bufferView":2,"byteOffset":33100,"componentType":5126,"count":64,"max":[0.0031370535492745927,-0.003669104109039497,0.1575440368450589,0.9931097457073177],"min":[0.0020909902190695316,-0.004712008191010949,0.1171119055266693,0.9874957378785995],"type":"VEC4"},{"bufferView":2,"byteOffset":34124,"componentType":5126,"count":64,"max":[-0.11511932589905764,0.006006889699249297,-0.02952693832052808,0.9835760417659422],"min":[-0.20020166305813433,-0.10439051411668537,-0.20982483944464386,0.9631778458794513],"type":"VEC4"},{"bufferView":2,"byteOffset":35148,"componentType":5126,"count":64,"max":[0.08833859455088162,-0.06491606655605395,0.029879499366570725,0.9970129400430486],"min":[0.04067047560878074,-0.13718413999089896,0.0004895284509053241,0.9861620861422848],"type":"VEC4"},{"bufferView":2,"byteOffset":36172,"componentType":5126,"count":64,"max":[0.02860644749726307,0.016027589163588776,0.058200367570365154,0.9986682073730387],"min":[-0.05071037698365224,-0.08985621364794369,0.03846155432732048,0.9943532669609776],"type":"VEC4"},{"bufferView":2,"byteOffset":37196,"componentType":5126,"count":64,"max":[0.1399804797784646,-0.0009319611443161387,-0.0002315598959515952,0.9999762658254846],"min":[-0.025096280610428845,-0.020706510811946518,-0.0026200571083241806,0.9901485392995856],"type":"VEC4"},{"bufferView":2,"byteOffset":38220,"componentType":5126,"count":64,"max":[0.03750147034924484,0.14711661142461252,-0.042629408533308065,0.9937214858683547],"min":[-0.0886013621961552,0.020697073514610965,-0.1297446925389614,0.9839908660616558],"type":"VEC4"},{"bufferView":2,"byteOffset":39244,"componentType":5126,"count":64,"max":[-0.0027232549301435473,0.008603390730202285,0.09889739536641898,0.999995246520957],"min":[-0.10719912296681676,-0.0010931920311402028,-0.005499926149612918,0.9893016215787622],"type":"VEC4"},{"bufferView":2,"byteOffset":40268,"componentType":5126,"count":64,"max":[-0.03577041850269891,-0.12285784644708775,-0.01605505452972088,0.9882132189556708],"min":[-0.09952695304835439,-0.21579853444549948,-0.0369617464348368,0.9748837646776876],"type":"VEC4"},{"bufferView":2,"byteOffset":41292,"componentType":5126,"count":64,"max":[0.1572740428709075,0.0036558868523929823,0.0038315183346792864,0.9989731524451111],"min":[0.04528029912105996,-0.008339851290142402,0.00021856513645796677,0.9875475658937208],"type":"VEC4"},{"bufferView":2,"byteOffset":42316,"componentType":5126,"count":64,"max":[-0.025533620423123588,0.04910020222698337,0.03694256975732125,0.9990879645406632],"min":[-0.08434056832925736,-0.016169967059629455,0.013057535692890325,0.9963407365617586],"type":"VEC4"},{"bufferView":2,"byteOffset":43340,"componentType":5126,"count":64,"max":[0.002412020134110711,0.00095816788173922,0.0021673835074043795,0.9999991006228374],"min":[-0.02089176651262445,-0.014643105514732253,-0.07131741324917676,0.9971273439838627],"type":"VEC4"}],"animations":[{"channels":[{"sampler":0,"target":{"node":0,"path":"rotation"}},{"sampler":1,"target":{"node":0,"path":"translation"}},{"sampler":2,"target":{"node":1,"path":"rotation"}},{"sampler":3,"target":{"node":2,"path":"rotation"}},{"sampler":4,"target":{"node":3,"path":"rotation"}},{"sampler":5,"target":{"node":4,"path":"rotation"}},{"sampler":6,"target":{"node":5,"path":"rotation"}},{"sampler":7,"target":{"node":9,"path":"rotation"}},{"sampler":8,"target":{"node":10,"path":"rotation"}},{"sampler":9,"target":{"node":11,"path":"rotation"}},{"sampler":10,"target":{"node":12,"path":"rotation"}},{"sampler":11,"target":{"node":13,"path":"rotation"}},{"sampler":12,"target":{"node":14,"path":"rotation"}},{"sampler":13,"target":{"node":17,"path":"rotation"}},{"sampler":14,"target":{"node":18,"path":"rotation"}},{"sampler":15,"target":{"node":21,"path":"rotation"}},{"sampler":16,"target":{"node":22,"path":"rotation"}},{"sampler":17,"target":{"node":25,"path":"rotation"}},{"sampler":18,"target":{"node":26,"path":"rotation"}},{"sampler":19,"target":{"node":29,"path":"rotation"}},{"sampler":20,"target":{"node":30,"path":"rotation"}},{"sampler":21,"target":{"node":33,"path":"rotation"}},{"sampler":22,"target":{"node":34,"path":"rotation"}},{"sampler":23,"target":{"node":35,"path":"rotation"}},{"sampler":24,"target":{"node":36,"path":"rotation"}},{"sampler":25,"target":{"node":37,"path":"rotation"}},{"sampler":26,"target":{"node":38,"path":"rotation"}},{"sampler":27,"target":{"node":41,"path":"rotation"}},{"sampler":28,"target":{"node":42,"path":"rotation"}},{"sampler":29,"target":{"node":45,"path":"rotation"}},{"sampler":30,"target":{"node":46,"path":"rotation"}},{"sampler":31,"target":{"node":49,"path":"rotation"}},{"sampler":32,"target":{"node":50,"path":"rotation"}},{"sampler":33,"target":{"node":53,"path":"rotation"}},{"sampler":34,"target":{"node":54,"path":"rotation"}},{"sampler":35,"target":{"node":57,"path":"rotation"}},{"sampler":36,"target":{"node":58,"path":"rotation"}},{"sampler":37,"target":{"node":59,"path":"rotation"}},{"sampler":38,"target":{"node":60,"path":"rotation"}},{"sampler":39,"target":{"node":62,"path":"rotation"}},{"sampler":40,"target":{"node":63,"path":"rotation"}},{"sampler":41,"target":{"node":64,"path":"rotation"}},{"sampler":42,"target":{"node":65,"path":"rotation"}}],"name":"mixamo.com","samplers":[{"input":14,"interpolation":"LINEAR","output":16},{"input":14,"interpolation":"LINEAR","output":15},{"input":14,"interpolation":"LINEAR","output":17},{"input":14,"interpolation":"LINEAR","output":18},{"input":14,"interpolation":"LINEAR","output":19},{"input":14,"interpolation":"LINEAR","output":20},{"input":14,"interpolation":"LINEAR","output":21},{"input":14,"interpolation":"LINEAR","output":22},{"input":14,"interpolation":"LINEAR","output":23},{"input":14,"interpolation":"LINEAR","output":24},{"input":14,"interpolation":"LINEAR","output":25},{"input":14,"interpolation":"LINEAR","output":26},{"input":14,"interpolation":"LINEAR","output":27},{"input":14,"interpolation":"LINEAR","output":28},{"input":29,"interpolation":"LINEAR","output":30},{"input":14,"interpolation":"LINEAR","output":31},{"input":14,"interpolation":"LINEAR","output":32},{"input":14,"interpolation":"LINEAR","output":33},{"input":14,"interpolation":"LINEAR","output":34},{"input":14,"interpolation":"LINEAR","output":35},{"input":14,"interpolation":"LINEAR","output":36},{"input":14,"interpolation":"LINEAR","output":37},{"input":14,"interpolation":"LINEAR","output":38},{"input":14,"interpolation":"LINEAR","output":39},{"input":14,"interpolation":"LINEAR","output":40},{"input":14,"interpolation":"LINEAR","output":41},{"input":42,"interpolation":"LINEAR","output":43},{"input":14,"interpolation":"LINEAR","output":44},{"input":14,"interpolation":"LINEAR","output":45},{"input":14,"interpolation":"LINEAR","output":46},{"input":14,"interpolation":"LINEAR","output":47},{"input":14,"interpolation":"LINEAR","output":48},{"input":14,"interpolation":"LINEAR","output":49},{"input":14,"interpolation":"LINEAR","output":50},{"input":14,"interpolation":"LINEAR","output":51},{"input":14,"interpolation":"LINEAR","output":52},{"input":14,"interpolation":"LINEAR","output":53},{"input":14,"interpolation":"LINEAR","output":54},{"input":14,"interpolation":"LINEAR","output":55},{"input":14,"interpolation":"LINEAR","output":56},{"input":14,"interpolation":"LINEAR","output":57},{"input":14,"interpolation":"LINEAR","output":58},{"input":14,"interpolation":"LINEAR","output":59}]}],"asset":{"generator":"ClayGL - fbx2gltf","version":"2.0"},"bufferViews":[{"buffer":0,"byteLength":1588944,"byteOffset":0,"target":34962},{"buffer":0,"byteLength":6656,"byteOffset":1588944,"target":34962},{"buffer":0,"byteLength":44364,"byteOffset":1595600,"target":34962},{"buffer":0,"byteLength":294672,"byteOffset":1639964,"target":34963}],"buffers":[{"byteLength":1934636,"uri":"wave.bin"}],"materials":[{"emissiveFactor":[0.0,0.0,0.0],"name":"Beta_Joints_MAT","pbrMetallicRoughness":{"baseColorFactor":[0.3333333432674408,0.12452887743711472,0.10101472586393356,1],"metallicFactor":0,"roughnessFactor":1}},{"emissiveFactor":[0.0,0.0,0.0],"name":"asdf1:Beta_HighLimbsGeoSG2","pbrMetallicRoughness":{"baseColorFactor":[0.8370000123977661,0.30230802297592163,0.26365500688552856,1],"metallicFactor":0,"roughnessFactor":1}}],"meshes":[{"name":"Beta_Joints","primitives":[{"attributes":{"JOINTS_0":3,"NORMAL":1,"POSITION":0,"TEXCOORD_0":2,"WEIGHTS_0":4},"indices":5,"material":0}]},{"name":"Beta_Surface","primitives":[{"attributes":{"JOINTS_0":10,"NORMAL":8,"POSITION":7,"TEXCOORD_0":9,"WEIGHTS_0":11},"indices":12,"material":1}]}],"nodes":[{"children":[1,57,62],"matrix":[0.9999682854608296,-0.0073655821212527985,0.0030292362971433024,0.0,0.007267744341204992,0.9994888850316094,0.03113115144772504,0.0,-0.0032569870616464165,-0.0311081484226463,0.9995107178699959,0.0,-8.355273246765137,103.23081970214844,8.351802825927734,1.0],"name":"mixamorig:Hips"},{"children":[2],"matrix":[0.9999854736913035,0.004282114781835143,-0.003273514834900432,0.0,-0.004281858333529638,0.9999908291606905,8.534475295547336e-05,0.0,0.0032738502700500865,-7.132678643551049e-05,0.9999946383940759,0.0,9.234152456016886e-06,10.181588172912598,0.13152092695236384,1.0],"name":"mixamorig:Spine"},{"children":[3],"matrix":[0.9999376033935415,0.008980598878377667,-0.006643655873537809,0.0,-0.008979561217980972,0.9999596656285187,0.0001860011650843714,0.0,0.006645058307708348,-0.00012633244461524376,0.9999779133761907,0.0,2.519402926282055e-07,10.083451271057115,-1.0008043050766,1.0],"name":"mixamorig:Spine1"},{"children":[4,9,33],"matrix":[0.9999376033482364,0.008980601998919669,-0.006643658474223664,0.0,-0.008979564263194167,0.999959665599072,0.00018601246181014497,0.0,0.006645061010125493,-0.00012634369704335457,0.9999779133568109,0.0,3.457486457136838e-07,9.100010871887207,-1.3734171390533438,1.0],"name":"mixamorig:Spine2"},{"children":[5],"matrix":[0.9976630919703406,-0.03851022996977267,-0.05643861362449959,0.0,0.05048405553879984,0.9720905197045138,0.22910997716591114,0.0,0.046040363340613455,-0.23142381832534895,0.9717629861520661,0.0,6.33428555829596e-07,16.671669006347628,-2.5161678791046143,1.0],"name":"mixamorig:Neck"},{"children":[6,7,8],"matrix":[0.9937472079369235,0.06926007977090151,0.08757584180410512,0.0,-0.052139745749036924,0.9814415427460548,-0.18453711032058084,0.0,-0.09873162426900041,0.1788170560164013,0.9789159958070114,0.0,-4.242318709657411e-07,9.617875099182129,1.6850075721740723,1.0],"name":"mixamorig:Head"},{"matrix":[1.0,-5.637851296924623e-18,6.938893903907228e-18,0.0,-1.734723475976807e-18,1.0000000000000002,-1.3877787807814457e-17,0.0,-6.938893903907228e-18,-2.7755575615628914e-17,1.0000000000000002,0.0,-6.508241758851341e-07,17.815155029296903,2.5849854946136492,1.0],"name":"mixamorig:HeadTop_End"},{"matrix":[1.0,-5.637851296924623e-18,6.938893903907228e-18,0.0,-1.734723475976807e-18,1.0000000000000002,-1.3877787807814457e-17,0.0,-6.938893903907228e-18,-2.7755575615628914e-17,1.0000000000000002,0.0,3.06756067276001,6.409507751464872,9.283554077148441,1.0],"name":"mixamorig:LeftEye"},{"matrix":[1.0,-5.637851296924623e-18,6.938893903907228e-18,0.0,-1.734723475976807e-18,1.0000000000000002,-1.3877787807814457e-17,0.0,-6.938893903907228e-18,-2.7755575615628914e-17,1.0000000000000002,0.0,-3.0675504207611093,6.409500122070284,9.283547401428226,1.0],"name":"mixamorig:RightEye"},{"children":[10],"matrix":[0.9995272172482446,-0.02916851375740677,0.00972315716037959,0.0,0.02873170256969367,0.9986880857500247,0.0423862790110041,0.0,-0.010946745974403888,-0.042086876649806135,0.9990539843103757,0.0,4.570446491241457,10.945984840393066,-2.62798810005188,1.0],"name":"mixamorig:LeftShoulder"},{"children":[11],"matrix":[0.44825898414076026,-0.889948895583124,0.08399313297807277,0.0,0.6628007690747616,0.3939466276566538,0.6367897573546977,0.0,-0.599799152759487,-0.22977601660819255,0.7664489275487787,0.0,10.592370033264158,-0.5245829224586203,-2.2321200370788583,1.0],"name":"mixamorig:LeftArm"},{"children":[12],"matrix":[0.9109774424249404,0.031058491295619495,0.4112851438009339,0.0,0.022425491655262662,0.9919561464869117,-0.12457969646317363,0.0,-0.41184608377030185,0.12271256482233855,0.9029531713869714,0.0,27.841520309448242,-8.942864950967078e-05,3.7458910803422896e-05,1.0],"name":"mixamorig:LeftForeArm"},{"children":[13,17,21,25,29],"matrix":[0.9881044835548668,0.1531674259606841,-0.013757514432065576,0.0,-0.153281883357819,0.9737055160547725,-0.16852961828352253,0.0,-0.012417480140918591,0.1686336491602079,0.9856005775961486,0.0,28.328838348388686,-1.74407177695457e-05,3.78045224369572e-05,1.0],"name":"mixamorig:LeftHand"},{"children":[14],"matrix":[0.9771887823709741,0.21155730647763907,-0.018590042610471702,0.0,-0.21007501886700328,0.9757478710472678,0.061518928751672336,0.0,0.031153973363939325,-0.05621030352748024,0.9979327791594921,0.0,2.4661402702331543,-1.5750491619110107,2.6824135780334473,1.0],"name":"mixamorig:LeftHandThumb1"},{"children":[15],"matrix":[0.9477867364209915,-0.09821497266119267,-0.3034042211466529,0.0,0.12341539821135056,0.9902250568638097,0.06498443077690647,0.0,0.29405601804550713,-0.0990361343360388,0.9506434149285388,0.0,3.2298038005828857,-1.8646906614303589,1.8646812438964844,1.0],"name":"mixamorig:LeftHandThumb2"},{"children":[16],"matrix":[0.9999999999983642,-1.2667974021718376e-06,1.2911523213643417e-06,0.0,1.266797312937662e-06,0.9999999999991952,6.912891109545072e-08,0.0,-1.2911524089054272e-06,-6.912727562591314e-08,0.9999999999991641,0.0,2.652565002441399,-1.5314929485321187,1.5314716100692767,1.0],"name":"mixamorig:LeftHandThumb3"},{"matrix":[1.0000000000000004,-2.914335439641036e-16,-2.7755575615628914e-17,0.0,1.5265566588595902e-16,1.0000000000000002,-5.551115123125783e-17,0.0,0.0,0.0,1.0000000000000002,0.0,1.9545669555663991,-1.1285001039505005,1.1284921169281006,1.0],"name":"mixamorig:LeftHandThumb4"},{"children":[18],"matrix":[0.9345467120104175,-0.33052722994157263,-0.13181120338449367,0.0,0.31494987116087825,0.9407182400702316,-0.1259197024095608,0.0,0.16561709370189948,0.0761639223406787,0.9832446466711219,0.0,9.109301567077651,-0.5170834064483643,2.260073184967034,1.0],"name":"mixamorig:LeftHandIndex1"},{"children":[19],"matrix":[0.868170248191004,-0.49622548268239486,-0.006378909984812033,0.0,0.49626362461758033,0.8681371400668885,0.007766654228480885,0.0,0.0016837569276037245,-0.009908399119326006,0.9999494930192729,0.0,3.6764094829559184,-6.9391385224548685e-06,2.9242517484817654e-05,1.0],"name":"mixamorig:LeftHandIndex2"},{"children":[20],"matrix":[0.9999999999999996,1.0352680185343743e-08,-3.398326474390867e-08,0.0,-1.0352681958231136e-08,0.9999999999999988,-5.077568249189923e-08,0.0,3.39832642512472e-08,5.077568276945499e-08,0.9999999999999984,0.0,2.8830626010894775,3.851196743376306e-05,-4.2764815589180216e-05,1.0],"name":"mixamorig:LeftHandIndex3"},{"matrix":[1.0000000000000002,-6.245004513516506e-17,-1.3877787807814457e-17,0.0,-3.8163916471489756e-17,1.0,-1.1102230246251565e-16,0.0,1.3877787807814457e-17,0.0,1.0000000000000002,0.0,2.392719984054551,3.7025907654530954e-05,3.3554435503901914e-05,1.0],"name":"mixamorig:LeftHandIndex4"},{"children":[22],"matrix":[0.8744273683105922,-0.4779795854488295,-0.08314020353341212,0.0,0.46568713279797,0.8749797061790918,-0.13246134576229018,0.0,0.13605980999478826,0.0771105029740845,0.9876951444829857,0.0,9.533401489257805,-3.392404687474482e-05,1.39370258658289e-05,1.0],"name":"mixamorig:LeftHandMiddle1"},{"children":[23],"matrix":[0.9412127019567035,-0.3365428799726469,0.029283777336229288,0.0,0.33660177888542764,0.9416421745479641,0.0030426244834597105,0.0,-0.028598813376204207,0.006993214732742781,0.999566507452693,0.0,3.698236703872695,1.961359199498247e-06,1.7916967411935047e-05,1.0],"name":"mixamorig:LeftHandMiddle2"},{"children":[24],"matrix":[1.0,-2.8297676701871666e-17,4.92227786308419e-17,0.0,-7.215365457891032e-17,1.0,-1.1102230246251565e-16,0.0,4.445228907190568e-18,-5.551115123125783e-17,1.0000000000000002,0.0,2.9509215354919434,-3.9376085620546064e-05,1.6447960661025718e-05,1.0],"name":"mixamorig:LeftHandMiddle3"},{"matrix":[0.9999999999999999,2.8893987896738693e-17,-3.0682921481339775e-17,0.0,5.0415401020575956e-17,0.9999999999999997,5.551115123125783e-17,0.0,-2.6346112791397758e-17,0.0,1.0,0.0,2.8339025974273824,-3.8934820622671396e-05,-9.504223278611335e-06,1.0],"name":"mixamorig:LeftHandMiddle4"},{"children":[26],"matrix":[0.8983049386394084,-0.43813855292902604,-0.03290662020487137,0.0,0.4278331019439273,0.8893074975753227,-0.16152712353457654,0.0,0.1000353642322831,0.1310220713985872,0.9863194932218149,0.0,9.104527473449714,-0.0439395047724247,-1.8650846481323242,1.0],"name":"mixamorig:LeftHandRing1"},{"children":[27],"matrix":[0.8393809836617084,-0.5415796295252309,0.04616350452919864,0.0,0.5414929339674233,0.8405633638172482,0.015447778856033378,0.0,-0.047169553002494174,0.012030639698168477,0.9988144457195232,0.0,3.1540267467498637,-6.5534677560208365e-06,1.0425744218167665e-05,1.0],"name":"mixamorig:LeftHandRing2"},{"children":[28],"matrix":[0.9999999999999997,6.960577947356938e-17,1.1362438767648086e-16,0.0,-2.226951262285226e-16,0.9999999999999998,0.0,0.0,2.2551405187698492e-17,-1.6653345369377348e-16,0.9999999999999998,0.0,2.9376723766326904,-4.545861883897828e-05,-6.8647573243652005e-06,1.0],"name":"mixamorig:LeftHandRing3"},{"matrix":[0.9999999999999998,8.456776945386935e-18,-7.806255641895632e-18,0.0,7.784571598445922e-17,0.9999999999999997,0.0,0.0,-3.9898639947466563e-17,0.0,0.9999999999999998,0.0,2.6474525928497172,-4.980441372381961e-05,7.070515550822165e-08,1.0],"name":"mixamorig:LeftHandRing4"},{"children":[30],"matrix":[0.9362986578799408,-0.3511768509619166,0.004431997370709789,0.0,0.35101529458590663,0.935304364308119,-0.04465432871463482,0.0,0.011536300056396664,0.04336548690672587,0.9989926668030908,0.0,8.077777862548842,-0.48866820335388184,-3.806066989898687,1.0],"name":"mixamorig:LeftHandPinky1"},{"children":[31],"matrix":[0.6464724390801253,-0.7574938897513751,0.09097468053874185,0.0,0.7571747687405118,0.6516400205851007,0.04529517805023353,0.0,-0.09359356330724106,0.03960164846546077,0.994822574304721,0.0,3.600034475326538,-2.2522151539305924e-06,-2.623879481689073e-05,1.0],"name":"mixamorig:LeftHandPinky2"},{"children":[32],"matrix":[1.0000000000000002,1.1796119636642288e-16,-4.163336342344337e-17,0.0,1.0408340855860843e-16,1.0,-5.551115123125783e-17,0.0,1.3877787807814457e-17,1.6653345369377348e-16,1.0,0.0,2.1142115592956543,1.9538281772923938e-05,-2.8644151370826876e-06,1.0],"name":"mixamorig:LeftHandPinky3"},{"matrix":[1.0,1.3183898417423734e-16,-1.1102230246251565e-16,0.0,1.1796119636642288e-16,0.9999999999999999,0.0,0.0,4.163336342344337e-17,0.0,1.0,0.0,1.9756826162338257,1.2405656885761118e-05,-4.430140688782558e-05,1.0],"name":"mixamorig:LeftHandPinky4"},{"children":[34],"matrix":[0.9959721858218549,0.016525204241069527,-0.08812674221839938,0.0,-0.009982367803052455,0.9971953659862257,0.07417381201369155,0.0,0.08910531635251547,-0.0729953401279068,0.9933438090194804,0.0,-4.569969654083251,10.946176528930664,-2.6280174255371094,1.0],"name":"mixamorig:RightShoulder"},{"children":[35],"matrix":[0.4912066272110441,0.8649950490615383,-0.1024676265118705,0.0,-0.6530073465716119,0.44354519436228995,0.613880335148163,0.0,0.5764524739364494,-0.23462997604130703,0.7827204607236243,0.0,-10.592844009399412,-0.5247983932494833,-2.2320985794067383,1.0],"name":"mixamorig:RightArm"},{"children":[36],"matrix":[0.9114094033632258,-0.09256937145960348,-0.40095362690548597,0.0,-0.006761383688902167,0.9708686981365375,-0.23951671062637042,0.0,0.4114452371236069,0.22100878364046755,0.8842329638743738,0.0,-27.841520309448256,-3.3079217246267945e-05,1.1676310350594576e-05,1.0],"name":"mixamorig:RightForeArm"},{"children":[37,41,45,49,53],"matrix":[0.994154469471885,-0.045641871753061836,0.09784533904050796,0.0,0.042228179781150454,0.9984344107105001,0.03668117148547756,0.0,-0.09936635075037092,-0.03233492001000182,0.9945254050483081,0.0,-28.328838348388686,-1.5814170239991654e-07,5.581601362791844e-05,1.0],"name":"mixamorig:RightHand"},{"children":[38],"matrix":[0.8847773737976976,0.449920830556134,-0.1214094108680525,0.0,-0.4578267336878229,0.8878360578544331,-0.04627976117309479,0.0,0.08696942414658249,0.09653175956739862,0.9915230399029739,0.0,-8.07667446136476,-0.4884592890739299,-3.8060102462768572,1.0],"name":"mixamorig:RightHandPinky1"},{"children":[39],"matrix":[0.8207310375858774,0.5626581931162824,-0.09907735191419628,0.0,-0.5627911798557313,0.8260804508758427,0.029277577723546944,0.0,0.09831913252161621,0.03173084303772439,0.9946489339361462,0.0,-3.6000344753265523,3.9676655433140695e-05,5.08144221367246e-05,1.0],"name":"mixamorig:RightHandPinky2"},{"children":[40],"matrix":[0.9999999999999999,1.8198525700285906e-08,2.3249734318331328e-08,0.0,-1.8198526963164596e-08,0.9999999999999991,4.649946444557074e-08,0.0,-2.3249733444030696e-08,-4.64994650561934e-08,0.9999999999999993,0.0,-2.1142115592956543,1.5137925409192121e-05,1.4793768967180654e-05,1.0],"name":"mixamorig:RightHandPinky3"},{"matrix":[1.0000000000000002,1.6653345369377348e-16,0.0,0.0,-5.551115123125783e-17,1.0,0.0,0.0,2.7755575615628914e-17,1.1102230246251565e-16,1.0,0.0,-1.97568261623384,-1.8521957832362546e-05,-9.839841403902483e-07,1.0],"name":"mixamorig:RightHandPinky4"},{"children":[42],"matrix":[0.9320980162098838,0.3616841602752242,0.019438528329211238,0.0,-0.34325348737408184,0.8991850407936203,-0.2713730012704037,0.0,-0.11563014997452309,0.24627389349864354,0.9622779420717738,0.0,-9.103588104248054,-0.043914347887024974,-1.86507248878479,1.0],"name":"mixamorig:RightHandRing1"},{"children":[43],"matrix":[0.7644557000516183,0.6408427525858514,-0.07020006493429443,0.0,-0.6411514191992045,0.767126475478555,0.021019711670130836,0.0,0.06732265827665852,0.028940232860826143,0.9973114471440331,0.0,-3.1540267467498637,2.3997297830646858e-05,4.885121234465828e-05,1.0],"name":"mixamorig:RightHandRing2"},{"children":[44],"matrix":[0.9999999999999993,3.414681512547979e-08,-9.278159199266334e-09,0.0,-3.4146815972024847e-08,0.9999999999999971,-6.801441243542428e-08,0.0,9.27815700657586e-09,6.801441271298003e-08,0.9999999999999976,0.0,-2.9376723766326904,-4.160065509584143e-05,-3.966063377092155e-05,1.0],"name":"mixamorig:RightHandRing3"},{"matrix":[1.0,-2.0122792321330962e-16,-1.3877787807814457e-17,0.0,-2.0816681711721685e-17,0.9999999999999999,1.6653345369377348e-16,0.0,1.3877787807814457e-17,0.0,1.0000000000000004,0.0,-2.6474525928497314,2.4608212695120812e-05,-2.2949234299574073e-06,1.0],"name":"mixamorig:RightHandRing4"},{"children":[46],"matrix":[0.9567675632634297,0.2893160618315221,-0.029867143372915073,0.0,-0.29085338605662137,0.9518399729523064,-0.09697924370477534,0.0,0.0003710880721730647,0.10147355446839901,0.9948381677625724,0.0,-9.53250312805178,-1.6312302236087817e-05,1.679184242497911e-05,1.0],"name":"mixamorig:RightHandMiddle1"},{"children":[47],"matrix":[0.8532111210135855,0.52037875977028,-0.03516716307417449,0.0,-0.5203677042233185,0.8538815202272277,0.010188317613411546,0.0,0.03533037475166764,0.009607070020774044,0.9993295096340961,0.0,-3.6982367038726665,1.5066959342391328e-05,-2.2545524194228506e-05,1.0],"name":"mixamorig:RightHandMiddle2"},{"children":[48],"matrix":[0.999999999380058,4.353687910185755e-09,3.521197490322092e-05,0.0,-4.355565630387304e-09,0.9999999999999984,5.332833247218005e-08,0.0,-3.521197490302663e-05,-5.33284858494909e-08,0.9999999993800566,0.0,-2.9509215354919434,-3.1132449507254023e-07,-3.0340254575378367e-07,1.0],"name":"mixamorig:RightHandMiddle3"},{"matrix":[1.0000000000000004,-4.163336342344337e-17,-1.3877787807814457e-17,0.0,-2.0816681711721685e-17,1.0,0.0,0.0,1.3877787807814457e-17,0.0,1.0000000000000002,0.0,-2.833902597427368,8.05324089370174e-06,5.378770583419623e-05,1.0],"name":"mixamorig:RightHandMiddle4"},{"children":[50],"matrix":[0.9296120899398329,0.36811592463668014,-0.017664321854450438,0.0,-0.36394729503223866,0.9094305772078539,-0.20119242450476515,0.0,-0.057997660956388974,0.19345979238144279,0.9793924545631937,0.0,-9.108281135559082,-0.5167889595031596,2.260116338729862,1.0],"name":"mixamorig:RightHandIndex1"},{"children":[51],"matrix":[0.9553712741228124,0.2952461541909868,0.009769187089340943,0.0,-0.2952990986743899,0.9553943533600348,0.0044801662753241045,0.0,-0.008010674319148495,-0.00716505430500225,0.999942243878995,0.0,-3.676409482955947,1.9227156371925958e-05,3.235567055703825e-05,1.0],"name":"mixamorig:RightHandIndex2"},{"children":[52],"matrix":[0.9999999999999988,8.624837444931588e-09,4.5338626639482293e-08,0.0,-8.624837254112006e-09,0.9999999999999998,-2.524507713985713e-09,0.0,-4.5338626670707316e-08,2.524507269896503e-09,0.9999999999999987,0.0,-2.8830626010894775,-4.960121440689136e-05,4.044897650601342e-05,1.0],"name":"mixamorig:RightHandIndex3"},{"matrix":[0.9999999999999999,1.9081958235744878e-17,0.0,0.0,2.42861286636753e-17,1.0,0.0,0.0,-1.734723475976807e-18,1.1102230246251565e-16,1.0,0.0,-2.392719984054537,2.681470141752129e-05,2.802013477598564e-05,1.0],"name":"mixamorig:RightHandIndex4"},{"children":[54],"matrix":[0.9800694373446494,-0.13160876198612306,0.148805348530966,0.0,0.1704988658197687,0.9416909261140197,-0.2900833266988852,0.0,-0.10195113896918842,0.30967294593328526,0.945361640759707,0.0,-2.464806079864509,-1.5727142095565654,2.682626485824585,1.0],"name":"mixamorig:RightHandThumb1"},{"children":[55],"matrix":[0.9606387348634565,0.0336410580275352,0.27575623346485933,0.0,-0.08211567451340485,0.9826702968190915,0.16618093677882362,0.0,-0.2653869572513814,-0.18228375397787597,0.9467536088954648,0.0,-3.229771852493286,-1.8647087812423706,1.8647184371948207,1.0],"name":"mixamorig:RightHandThumb2"},{"children":[56],"matrix":[0.9999999995465202,-2.146580740040524e-05,2.1122938012374526e-05,0.0,2.1465809747130485e-05,0.9999999997696035,-1.1087449136581995e-07,0.0,-2.11229356274871e-05,1.1132791227774774e-07,0.9999999997769049,0.0,-2.6526050567626953,-1.531449317932129,1.5314456224441564,1.0],"name":"mixamorig:RightHandThumb3"},{"matrix":[1.0000000000000002,-6.418476861114186e-17,-2.7755575615628914e-17,0.0,5.551115123125783e-17,1.0000000000000002,5.551115123125783e-17,0.0,5.551115123125783e-17,5.551115123125783e-17,1.0000000000000004,0.0,-1.954580545425408,-1.1284617185592651,1.1285070180892909,1.0],"name":"mixamorig:RightHandThumb4"},{"children":[58],"matrix":[0.9902876341052618,0.0833746494794462,0.11126126712555048,0.0,-0.07296466985819773,0.99284090189194,-0.09456796753068188,0.0,-0.1183493079434258,0.0855313472042816,0.9892814715513137,0.0,8.207781791687013,-6.75171422958374,-1.5995556116104117,1.0],"name":"mixamorig:LeftUpLeg"},{"children":[59],"matrix":[0.999985941526425,-0.0028889840784880154,0.0044464053463584285,0.0,0.0020233280724140136,0.9829911372649317,0.18364185307850606,0.0,-0.004901315437845555,-0.18363027481760855,0.9829831632725907,0.0,-4.1101580361413426e-07,-44.37047195434569,0.2846426367759687,1.0],"name":"mixamorig:LeftLeg"},{"children":[60],"matrix":[0.9670858214818472,-0.0988554969942833,-0.23446237353314348,0.0,0.06994619153764255,0.9892295546707265,-0.12857845253127165,0.0,0.24464779618496746,0.10794664830354994,0.9635844420401718,0.0,4.7163933913907385e-07,-44.427871704101555,-2.9821906089782724,1.0],"name":"mixamorig:LeftFoot"},{"children":[61],"matrix":[0.9999992752836285,0.0011122816255188708,0.00046071878998080185,0.0,-0.0011089847579839945,0.999974212331987,-0.0070954086442321,0.0,-0.0004685990017780778,0.00709489257195749,0.9999747211376734,0.0,-2.9609880130010424e-06,-8.728670120239256,10.710559844970703,1.0],"name":"mixamorig:LeftToeBase"},{"matrix":[1.0000000000000002,-4.336808689942018e-19,-2.7755575615628914e-17,0.0,2.168404344971009e-19,1.0000000000000002,0.0,0.0,0.0,-2.6020852139652106e-18,1.0000000000000002,0.0,-2.508061926143057e-06,-0.0006766829756088832,9.278136253356939,1.0],"name":"mixamorig:LeftToe_End"},{"children":[63],"matrix":[0.968190585190903,-0.03495087359248247,0.24776082657034226,0.0,0.07759490529701572,0.9833188331046897,-0.16450867190996007,0.0,-0.2378781650754102,0.17850072519951846,0.9547520461793217,0.0,-8.207796096801761,-6.751662254333496,-1.599559426307677,1.0],"name":"mixamorig:RightUpLeg"},{"children":[64],"matrix":[0.9999908233353684,0.004279800900763978,-0.00019117871724408375,0.0,-0.004137925637542089,0.9764721780831931,0.21560371750246543,0.0,0.0011094216828055337,-0.2156009478961412,0.9764809268233636,0.0,8.435572595999474e-08,-44.370536804199205,0.28615638613700867,1.0],"name":"mixamorig:RightLeg"},{"children":[65],"matrix":[0.9983878264143362,0.047686573828067916,0.030785365747348997,0.0,-0.045574272846290696,0.9967777007444062,-0.06600909750350512,0.0,-0.03383391378764314,0.06449965872185395,0.9973440029912326,0.0,9.644581950851716e-07,-44.42773056030275,-2.98378896713257,1.0],"name":"mixamorig:RightFoot"},{"children":[66],"matrix":[0